10.59
26.5
7.17
2.42
19.57
6.95
2.72
12.75
-4.98
11.59
9.09
2.2
18.57
-3.06
1.45
11.27
6.46
481.04
15.72
22.02
24.9
4.35
53.99
40.25
39.5
-2.65
94.86
1.74
9.79
6.17
10.27
34.76
0.86
-35.28
-
0.13
12.37
5.06
12.39
11
9.01
16.31
0.79
6.55
54.55
18.98
8.93
11.88
10.1
4.18
12.39
-12.33
3.02
8.43
9.87
17.56
16.3
182.73
8.82
-141.67
3.18
7.86
5.54
46.21
0.81
21.7
-5.95
11.38
-133.3
86.67
27.02
-32.55
-26.52
3.18
0.75
3.55
10.32
26.21
11.56
0.36
86.93
20.58
1.11
-4.12
-13.89
13.72
42.57
-1.55
54.42
20.37
21.94
-2.13
43.56
-0.13
266.97
4.82
23.75
-113.89
-6.73
12.65
1.15
-4.54
35.41
7
4.5
55.46
8.67
9.53
1.68
1.08
12.44
-25.39
0.79
16.18
25.53
10.2
33.1
-0.79
29.23
0.76
7.22
176.92
-12.62
-45.69
3.48
20.09
5.09
26.78
11.17
41.21
-10.74
78.75
-1.2
35.73
-100
-0.55
0.74
-38.46
6.89
6.15
8.26
66.22
-3.78
1.09
1.63
-1.1
12.24
20.9
11.74
-0.29
192.21
3.26
54.41
12.44
6.22
3.49
-1.44
-0.5
-6.02
3.38
21.88
25.93
6.77
100.56
9.47
-62.82
188.14
44.83
54.62
82.74
3.78
27.27
-0.23
9.83
-34.15
8.61
31.78
150
5.07
20.61
3.03
317.81
7.3
4.05
13.7
4.99
-31.33
0.7
6.93
26.01
-0.38
-1.39
607.46
9.73
12.72
7.3
633.33
241.93
1.25
1.56
58.19
24.28
94.85
-1.47
-12.09
-2.15
20.4
12.84
1.86
2.1
1.05
61.63
-5.25
22.45
32.87
32.13
11.21
14.56
575
1.11
12.12
25.91
-394.12
-4.37
31.92
1.26
3.55
0.99
78.57
24.26
38.97
2.75
-8.16
34.87
5.38
43.88
0.85
12.6
9.91
24.33
18.3
37.93
4.24
15.51
10.65
-6.83
7.1
-25.03
14.6
25.65
-6.31
5.39
-7.35
11.37
8.55
10.59
11.72
2.14
6.44
44.44
3.58
-1.72
-3.15
32.56
4.3
5.62
359.18
12.03
1.41
8.7
18.08
4.02
1.59
30.23
5.33
6.28
-15.26
8.57
0.93
87.03
16.82
-7.58
7.33
11.38
17.35
0.73
9.92
58.94
60.56
16.21
39.39
33.24
4.09
8.11
5.78
27.23
0.81
8.54
7.67
23.08
-4.39
11.43
11.98
-4.28
33.64
6.2
-0.77
2.27
3.48
23.63
35.08
23.47
-47.78
0.75
5.56
0.65
-2.85
42.63
4.38
0.67
10.12
8.8
-14.27
17.15
11.34
223.81
223.81
9.29
15.47
18.11
3.34
6.09
0.2
14.37
2.15
-7.23
-55.91
-274.02
9.14
10.32
-3.62
5.18
-32.43
2.55
15.36
-5.74
4.6
11.86
-4.18
-6.54
32.36
3.9
5.79
8.22
10.41
6.06
0.96
32.04
-7.19
-13.04
3.87
-9.74
-504.76
53.96
24.67
90.04
0.44
-3.44
3.93
8.68
9.58
4.68
13.87
0.15
-13.74
15.88
-12.76
15.1
3.19
22.98
5.61
2.2
30.01
5.87
-3.51
35.29
13.55
44.55
22.7
10.94
22.99
26.13
3.17
2.18
-33.2
3.39
8.05
39.04
80.42
26.44
14.16
16.49
21.87
11.01
4.95
-1.71
61.38
1185.59
30.04
12.98
23.31
10.25
10.31
8.19
13.97
10.37
92.96
36.71
3.12
-49.85
17.19
9.35
29.94
14.31
5.28
14.66
11.9
6.63
9.13
-22.48
22.3
16.36
5.26
13.79
13.91
4.49
190.82
54.55
177.86
8.06
-19.22
8.32
11.47
-1.15
19.61
21.15
24.18
-2.04
30.29
0.32
246.15
45.17
287.5
2.83
-5.45
24.07
19.23
4.43
28.95
-3.77
25.19
3.45
339.39
6.98
-2.46
3.42
-3.09
3.56
2.67
11.2
1.87
-130.95
8.63
16.46
13.72
-7.76
3.39
26.47
3.83
7.02
115.47
19.11
28.25
7.4
-5.04
12.34
3.45
9.39
-70.68
3.93
-6.11
-0.92
-3.65
1.47
19.65
14.2
17.37
2.58
62.27
5.08
